-0.008064693
-0.000552725
0.002294668
-0.02785095
-0.002405503
-0.008571304
-0.00053937
-0.003968552
0.002339066
0.0005716915
0.003190156
0.009554069
-0.004537597
-0.003253596
0.008501594
0.007472206
-0.002748416
0.0006933876
-0.008183206
-0.001156357
0.00893614
0.003733211
-0.005911725
-0.005602285
0.001989124
0.004257638
-0.01008684
-0.002576326
-0.001558355
-0.002298753
-0.003674767
0.001431795
0.00217694
0.006460649
0.0006627521
-0.00024427
0.0007182913
0.007630315
0.001651035
0.00330085
-0.0007182361
-3.727001e-07
-0.002710947
0.002792416
0.004237007
-0.0001617592
-0.003081021
0.009658201
0.008890916
-0.0105813
-0.01587315
0.0174428
-0.0008359348
0.01157031
0.01158896
-0.006923647
-0.001225547
8.329211e-05
0.002812528
0.002287326
-0.0008674751
-0.01022631
-0.001327246
-0.004600895
-0.003468468
0.005551564
0.0139715
-0.005264629
-0.004866586
0.001950651
0.01057013
-0.0003879964
-0.001596809
0.002591778
0.005841495
-0.01229612
-4.337823e-05
0.008444706
-0.002279237
0.003873042
-0.0009423133
0.004298083
-0.005498078
0.007736165
-0.00349614
0.0009194063
-0.01305473
-0.0003012823
0.02382851
0.00259702
-0.0009861616
0.005419309
0.002065171
0.004959561
0.01543757
0.002207401
0.0001457418
-0.004244259
-0.01079266
-0.001075498
0.003534325
-0.003150284
-0.0002671665
-0.003937158
-0.001500531
-0.006684084
0.001271682
0.00383653
-0.0006206174
-0.009009004
-0.0101826
-0.001905937
-0.006961029
0.007413511
0.0002389263
0.007306616
-0.004013624
-0.005315591
-0.005267757
-0.007119349
-0.003225898
0.003018485
0.001879827
-0.004549643
0.003415802
-0.0006064624
-0.007284869
-0.01196941
0.008958977
0.01541558
0.01105107
-0.0006287004
-0.004135109
0.002556906
-0.0001926702
-0.001702777
0.01639062
0.01480474
7.860719e-06
0.001700791
-0.00208067
0.007703024
0.001521092
0.0004066235
-0.002128913
-0.004114554
-7.947833e-05
0.001744018
-0.0008779411
-0.002213673
-0.003498911
-0.004594409
-0.006494441
-8.486174e-05
-0.001089453
-0.005222689
0.001046502
0.0001483337
0.0008438238
0.005410885
